{"564391287": {"result": "D", "game": [4, 5, 3, 2, 8, 0, 1, 7, 6], "probs": [["X", 0.5, 0.5, 0.0], ["O", 0.125, 0.75, 0.125], ["X", 0.5, 0.375, 0.125], ["O", 0.25, 0.5, 0.25], ["X", 0.5, 0.125, 0.375], ["O", 0.125, 0.25, 0.625], ["X", 0.25, 0.0, 0.75], ["O", 0, 0, 1], ["X", 0, 0, 1]]}, "293145": {"result": "O", "game": [1, 8, 2, 0, 3, 4], "probs": [["X", 0.25, 0.75, 0.0], ["O", 0.375, 0.625, 0.0], ["X", 0.375, 0.5, 0.125], ["O", 0.375, 0.375, 0.25], ["X", 0, 1, 0], ["O", 0.25, 0.0, 0.75]]}, "9736152": {"result": "X", "game": [8, 6, 2, 5, 0, 4, 1], "probs": [["X", 0.375, 0.625, 0.0], ["O", 0.25, 0.625, 0.125], ["X", 0.375, 0.375, 0.25], ["O", 0.25, 0.375, 0.375], ["X", 1, 0, 0], ["O", 0, 1, 0], ["X", 0, 1, 0]]}, "197465832": {"result": "D", "game": [0, 8, 6, 3, 5, 4, 7, 2, 1], "probs": [["X", 0.375, 0.625, 0.0], ["O", 0.25, 0.625, 0.125], ["X", 0.375, 0.375, 0.25], ["O", 0.25, 0.375, 0.375], ["X", 0.25, 0.125, 0.625], ["O", 0.125, 0.125, 0.75], ["X", 0.125, 0.0, 0.875], ["O", 0, 0, 1], ["X", 0, 0, 1]]}, "954617382": {"result": "X", "game": [8, 4, 3, 5, 0, 6, 2, 7, 1], "probs": [["X", 0.375, 0.625, 0.0], ["O", 0.375, 0.5, 0.125], ["X", 0.375, 0.375, 0.25], ["O", 0.25, 0.375, 0.375], ["X", 0.375, 0.25, 0.375], ["O", 0.25, 0.125, 0.625], ["X", 0.125, 0.125, 0.75], ["O", 0, 1, 0], ["X", 0.125, 0.0, 0.875]]}, "763524": {"result": "O", "game": [6, 5, 2, 4, 1, 3], "probs": [["X", 0.375, 0.625, 0.0], ["O", 0.25, 0.75, 0.0], ["X", 0.5, 0.375, 0.125], ["O", 0.375, 0.375, 0.25], ["X", 0, 1, 0], ["O", 0, 1, 0]]}, "7351298": {"result": "X", "game": [6, 2, 4, 0, 1, 8, 7], "probs": [["X", 0.375, 0.625, 0.0], ["O", 0.25, 0.625, 0.125], ["X", 0.625, 0.25, 0.125], ["O", 0.25, 0.375, 0.375], ["X", 0.375, 0.125, 0.5], ["O", 0, 1, 0], ["X", 0, 1, 0]]}, "67541928": {"result": "O", "game": [5, 6, 4, 3, 0, 8, 1, 7], "probs": [["X", 0.25, 0.75, 0.0], ["O", 0.375, 0.625, 0.0], ["X", 0.5, 0.375, 0.125], ["O", 0.25, 0.5, 0.25], ["X", 0.5, 0.125, 0.375], ["O", 0.125, 0.25, 0.625], ["X", 1, 0, 0], ["O", 0, 1, 0]]}, "61475": {"result": "X", "game": [5, 0, 3, 6, 4], "probs": [["X", 0.25, 0.75, 0.0], ["O", 0.375, 0.625, 0.0], ["X", 0.25, 0.625, 0.125], ["O", 0, 1, 0], ["X", 0.375, 0.25, 0.375]]}, "678513": {"result": "O", "game": [5, 6, 7, 4, 0, 2], "probs": [["X", 0.25, 0.75, 0.0], ["O", 0.375, 0.625, 0.0], ["X", 0.375, 0.5, 0.125], ["O", 0.375, 0.25, 0.375], ["X", 0, 1, 0], ["O", 0.125, 0.0, 0.875]]}}