{"571982364": {"result": "D", "game": [4, 6, 0, 8, 7, 1, 2, 5, 3], "probs": [[0.5, 0.5, 0.0], [0.25, 0.625, 0.125], [0.5, 0.25, 0.25], [0.25, 0.375, 0.375], [0.375, 0.125, 0.5], [0.125, 0.125, 0.75], [0.125, 0.0, 0.875], [0, 0, 1], [0, 0, 1]]}, "46253179": {"result": "O", "game": [3, 5, 1, 4, 2, 0, 6, 8], "probs": [[0.25, 0.75, 0.0], [0.125, 0.75, 0.125], [0.375, 0.5, 0.125], [0.375, 0.375, 0.25], [0.25, 0.25, 0.5], [0.125, 0.125, 0.75], [0, 1, 0], [0.125, 0.0, 0.875]]}, "2179548": {"result": "X", "game": [1, 0, 6, 8, 4, 3, 7], "probs": [[0.25, 0.75, 0.0], [0.25, 0.625, 0.125], [0.375, 0.375, 0.25], [0.25, 0.375, 0.375], [1, 0, 0], [0, 1, 0], [1, 0, 0]]}, "421783569": {"result": "X", "game": [3, 1, 0, 6, 7, 2, 4, 5, 8], "probs": [[0.25, 0.75, 0.0], [0.25, 0.75, 0.0], [0.375, 0.5, 0.125], [0.375, 0.375, 0.25], [0.25, 0.25, 0.5], [0.25, 0.25, 0.5], [1, 0, 0], [0, 1, 0], [0.125, 0.0, 0.875]]}, "648925173": {"result": "X", "game": [5, 3, 7, 8, 1, 4, 0, 6, 2], "probs": [[0.25, 0.75, 0.0], [0.125, 0.75, 0.125], [0.375, 0.5, 0.125], [0.25, 0.375, 0.375], [0.25, 0.375, 0.375], [0.375, 0.125, 0.5], [0.125, 0.125, 0.75], [0, 1, 0], [0.125, 0.0, 0.875]]}, "417598236": {"result": "D", "game": [3, 0, 6, 4, 8, 7, 1, 2, 5], "probs": [[0.25, 0.75, 0.0], [0.25, 0.625, 0.125], [0.375, 0.5, 0.125], [0.375, 0.25, 0.375], [0.25, 0.25, 0.5], [0.25, 0.125, 0.625], [0.125, 0.0, 0.875], [0, 0, 1], [0, 0, 1]]}, "9687521": {"result": "X", "game": [8, 5, 7, 6, 4, 1, 0], "probs": [[0.375, 0.625, 0.0], [0.125, 0.75, 0.125], [0.375, 0.5, 0.125], [0.375, 0.375, 0.25], [1, 0, 0], [0, 1, 0], [0.125, 0.0, 0.875]]}, "9251367": {"result": "X", "game": [8, 1, 4, 0, 2, 5, 6], "probs": [[0.375, 0.625, 0.0], [0.25, 0.75, 0.0], [0.625, 0.25, 0.125], [0.25, 0.5, 0.25], [1, 0, 0], [0, 1, 0], [1, 0, 0]]}, "32517": {"result": "X", "game": [2, 1, 4, 0, 6], "probs": [[0.375, 0.625, 0.0], [0.125, 0.75, 0.125], [0.5, 0.25, 0.25], [0, 1, 0], [0.5, 0.0, 0.5]]}, "537281": {"result": "O", "game": [4, 2, 6, 1, 7, 0], "probs": [[0.5, 0.5, 0.0], [0.25, 0.625, 0.125], [0.625, 0.25, 0.125], [0.25, 0.5, 0.25], [0, 1, 0], [0, 1, 0]]}, "36527": {"result": "X", "game": [2, 5, 4, 1, 6], "probs": [[0.375, 0.625, 0.0], [0.125, 0.75, 0.125], [0.5, 0.25, 0.25], [0, 1, 0], [0.5, 0.0, 0.5]]}, "539128467": {"result": "D", "game": [4, 2, 8, 0, 1, 7, 3, 5, 6], "probs": [[0.5, 0.5, 0.0], [0.25, 0.625, 0.125], [0.5, 0.25, 0.25], [0.25, 0.375, 0.375], [0.375, 0.125, 0.5], [0.125, 0.125, 0.75], [0.125, 0.0, 0.875], [0, 0, 1], [0, 0, 1]]}, "3842567": {"result": "X", "game": [2, 7, 3, 1, 4, 5, 6], "probs": [[0.375, 0.625, 0.0], [0.25, 0.75, 0.0], [0.625, 0.375, 0.0], [0.25, 0.625, 0.125], [1, 0, 0], [0, 1, 0], [1, 0, 0]]}, "53281947": {"result": "O", "game": [4, 2, 1, 7, 0, 8, 3, 6], "probs": [[0.5, 0.5, 0.0], [0.25, 0.625, 0.125], [0.375, 0.375, 0.25], [0.25, 0.375, 0.375], [0.375, 0.25, 0.375], [1, 0, 0], [1, 0, 0], [1, 0, 0]]}, "34281": {"result": "X", "game": [2, 3, 1, 7, 0], "probs": [[0.375, 0.625, 0.0], [0.25, 0.75, 0.0], [0.5, 0.5, 0.0], [0, 1, 0], [0.5, 0.25, 0.25]]}, "41567382": {"result": "O", "game": [3, 0, 4, 5, 6, 2, 7, 1], "probs": [[0.25, 0.75, 0.0], [0.25, 0.625, 0.125], [0.375, 0.375, 0.25], [0.25, 0.375, 0.375], [0.375, 0.25, 0.375], [1, 0, 0], [1, 0, 0], [1, 0, 0]]}, "3657892": {"result": "X", "game": [2, 5, 4, 6, 7, 8, 1], "probs": [[0.375, 0.625, 0.0], [0.125, 0.75, 0.125], [0.5, 0.25, 0.25], [0.25, 0.375, 0.375], [0.375, 0.125, 0.5], [0, 1, 0], [1, 0, 0]]}, "9148653": {"result": "X", "game": [8, 0, 3, 7, 5, 4, 2], "probs": [[0.375, 0.625, 0.0], [0.25, 0.625, 0.125], [0.375, 0.375, 0.25], [0.25, 0.375, 0.375], [1, 0, 0], [0, 1, 0], [0, 1, 0]]}, "367514": {"result": "O", "game": [2, 5, 6, 4, 0, 3], "probs": [[0.375, 0.625, 0.0], [0.125, 0.75, 0.125], [0.5, 0.375, 0.125], [0.375, 0.375, 0.25], [1, 0, 0], [0, 1, 0]]}, "39785": {"result": "X", "game": [2, 8, 6, 7, 4], "probs": [[0.375, 0.625, 0.0], [0.25, 0.625, 0.125], [0.375, 0.375, 0.25], [0, 1, 0], [0.5, 0.0, 0.5]]}, "74621895": {"result": "O", "game": [6, 3, 5, 1, 0, 7, 8, 4], "probs": [[0.375, 0.625, 0.0], [0.125, 0.75, 0.125], [0.375, 0.375, 0.25], [0.25, 0.5, 0.25], [0.5, 0.125, 0.375], [0.125, 0.375, 0.5], [1, 0, 0], [0, 1, 0]]}, "38629": {"result": "X", "game": [2, 7, 5, 1, 8], "probs": [[0.375, 0.625, 0.0], [0.25, 0.75, 0.0], [0.5, 0.5, 0.0], [0, 1, 0], [0, 1, 0]]}, "852763": {"result": "O", "game": [7, 4, 1, 6, 5, 2], "probs": [[0.25, 0.75, 0.0], [0.375, 0.5, 0.125], [0.25, 0.625, 0.125], [0.5, 0.25, 0.25], [0, 1, 0], [0.375, 0.0, 0.625]]}, "741526": {"result": "O", "game": [6, 3, 0, 4, 1, 5], "probs": [[0.375, 0.625, 0.0], [0.125, 0.75, 0.125], [0.5, 0.375, 0.125], [0.25, 0.375, 0.375], [0, 1, 0], [0, 1, 0]]}, "3175968": {"result": "X", "game": [2, 0, 6, 4, 8, 5, 7], "probs": [[0.375, 0.625, 0.0], [0.25, 0.625, 0.125], [0.375, 0.375, 0.25], [0.375, 0.25, 0.375], [1, 0, 0], [0, 1, 0], [0, 1, 0]]}, "854931": {"result": "O", "game": [7, 4, 3, 8, 2, 0], "probs": [[0.25, 0.75, 0.0], [0.375, 0.5, 0.125], [0.25, 0.5, 0.25], [0.375, 0.25, 0.375], [0, 1, 0], [0.125, 0.0, 0.875]]}, "34271": {"result": "X", "game": [2, 3, 1, 6, 0], "probs": [[0.375, 0.625, 0.0], [0.25, 0.75, 0.0], [0.5, 0.5, 0.0], [0, 1, 0], [0.5, 0.25, 0.25]]}, "452713": {"result": "O", "game": [3, 4, 1, 6, 0, 2], "probs": [[0.25, 0.75, 0.0], [0.375, 0.5, 0.125], [0.25, 0.5, 0.25], [0.375, 0.25, 0.375], [0, 1, 0], [0.375, 0.0, 0.625]]}, "37291": {"result": "X", "game": [2, 6, 1, 8, 0], "probs": [[0.375, 0.625, 0.0], [0.25, 0.625, 0.125], [0.375, 0.5, 0.125], [0, 1, 0], [0, 1, 0]]}, "859763": {"result": "O", "game": [7, 4, 8, 6, 5, 2], "probs": [[0.25, 0.75, 0.0], [0.375, 0.5, 0.125], [0.25, 0.5, 0.25], [0.375, 0.25, 0.375], [0, 1, 0], [0.375, 0.0, 0.625]]}, "36517": {"result": "X", "game": [2, 5, 4, 0, 6], "probs": [[0.375, 0.625, 0.0], [0.125, 0.75, 0.125], [0.5, 0.25, 0.25], [0, 1, 0], [0.375, 0.0, 0.625]]}, "451793": {"result": "O", "game": [3, 4, 0, 6, 8, 2], "probs": [[0.25, 0.75, 0.0], [0.375, 0.5, 0.125], [0.25, 0.5, 0.25], [0.375, 0.25, 0.375], [0, 1, 0], [0.25, 0.0, 0.75]]}, "36547": {"result": "X", "game": [2, 5, 4, 3, 6], "probs": [[0.375, 0.625, 0.0], [0.125, 0.75, 0.125], [0.5, 0.25, 0.25], [0, 1, 0], [0.625, 0.0, 0.375]]}, "652981": {"result": "O", "game": [5, 4, 1, 8, 7, 0], "probs": [[0.25, 0.75, 0.0], [0.375, 0.5, 0.125], [0.25, 0.5, 0.25], [0.375, 0.25, 0.375], [0, 1, 0], [0.375, 0.0, 0.625]]}, "325746918": {"result": "D", "game": [2, 1, 4, 6, 3, 5, 8, 0, 7], "probs": [[0.375, 0.625, 0.0], [0.125, 0.75, 0.125], [0.5, 0.25, 0.25], [0.25, 0.375, 0.375], [0.375, 0.125, 0.5], [0.125, 0.125, 0.75], [0.125, 0.0, 0.875], [0, 0, 1], [0, 0, 1]]}, "39715": {"result": "X", "game": [2, 8, 6, 0, 4], "probs": [[0.375, 0.625, 0.0], [0.25, 0.625, 0.125], [0.375, 0.375, 0.25], [0, 1, 0], [0.375, 0.0, 0.625]]}, "983621754": {"result": "D", "game": [8, 7, 2, 5, 1, 0, 6, 4, 3], "probs": [[0.375, 0.625, 0.0], [0.125, 0.75, 0.125], [0.5, 0.375, 0.125], [0.25, 0.5, 0.25], [0.375, 0.25, 0.375], [0.25, 0.125, 0.625], [0.125, 0.125, 0.75], [0.125, 0.0, 0.875], [0, 0, 1]]}, "851694": {"result": "O", "game": [7, 4, 0, 5, 8, 3], "probs": [[0.25, 0.75, 0.0], [0.375, 0.5, 0.125], [0.375, 0.375, 0.25], [0.375, 0.375, 0.25], [0, 1, 0], [0, 1, 0]]}, "34291": {"result": "X", "game": [2, 3, 1, 8, 0], "probs": [[0.375, 0.625, 0.0], [0.25, 0.75, 0.0], [0.5, 0.5, 0.0], [0, 1, 0], [0.375, 0.25, 0.375]]}, "34251": {"result": "X", "game": [2, 3, 1, 4, 0], "probs": [[0.375, 0.625, 0.0], [0.25, 0.75, 0.0], [0.5, 0.5, 0.0], [0, 1, 0], [0, 1, 0]]}, "12358476": {"result": "O", "game": [0, 1, 2, 4, 7, 3, 6, 5], "probs": [[0.375, 0.625, 0.0], [0.125, 0.75, 0.125], [0.5, 0.375, 0.125], [0.25, 0.375, 0.375], [0.375, 0.125, 0.5], [0.125, 0.25, 0.625], [0, 1, 0], [0, 1, 0]]}, "536428917": {"result": "D", "game": [4, 2, 5, 3, 1, 7, 8, 0, 6], "probs": [[0.5, 0.5, 0.0], [0.25, 0.625, 0.125], [0.375, 0.375, 0.25], [0.25, 0.375, 0.375], [0.25, 0.25, 0.5], [0.25, 0.125, 0.625], [0.125, 0.125, 0.75], [0.125, 0.0, 0.875], [0, 0, 1]]}, "853416": {"result": "O", "game": [7, 4, 2, 3, 0, 5], "probs": [[0.25, 0.75, 0.0], [0.375, 0.5, 0.125], [0.375, 0.375, 0.25], [0.375, 0.375, 0.25], [0, 1, 0], [0, 1, 0]]}, "658347": {"result": "O", "game": [5, 4, 7, 2, 3, 6], "probs": [[0.25, 0.75, 0.0], [0.375, 0.5, 0.125], [0.25, 0.5, 0.25], [0.375, 0.25, 0.375], [0, 1, 0], [0.375, 0.0, 0.625]]}, "857961": {"result": "O", "game": [7, 4, 6, 8, 5, 0], "probs": [[0.25, 0.75, 0.0], [0.375, 0.5, 0.125], [0.25, 0.5, 0.25], [0.375, 0.25, 0.375], [0, 1, 0], [0.25, 0.0, 0.75]]}, "31725": {"result": "X", "game": [2, 0, 6, 1, 4], "probs": [[0.375, 0.625, 0.0], [0.25, 0.625, 0.125], [0.375, 0.375, 0.25], [0, 1, 0], [0.5, 0.0, 0.5]]}, "987521634": {"result": "D", "game": [8, 7, 6, 4, 1, 0, 5, 2, 3], "probs": [[0.375, 0.625, 0.0], [0.125, 0.75, 0.125], [0.5, 0.375, 0.125], [0.25, 0.375, 0.375], [0.375, 0.125, 0.5], [0.125, 0.125, 0.75], [0.125, 0.0, 0.875], [0, 0, 1], [0, 0, 1]]}, "742586": {"result": "O", "game": [6, 3, 1, 4, 7, 5], "probs": [[0.375, 0.625, 0.0], [0.125, 0.75, 0.125], [0.5, 0.375, 0.125], [0.25, 0.375, 0.375], [0, 1, 0], [0, 1, 0]]}, "85273164": {"result": "O", "game": [7, 4, 1, 6, 2, 0, 5, 3], "probs": [[0.25, 0.75, 0.0], [0.375, 0.5, 0.125], [0.25, 0.625, 0.125], [0.5, 0.25, 0.25], [0.25, 0.375, 0.375], [1, 0, 0], [0, 1, 0], [1, 0, 0]]}, "354289176": {"result": "D", "game": [2, 4, 3, 1, 7, 8, 0, 6, 5], "probs": [[0.375, 0.625, 0.0], [0.375, 0.5, 0.125], [0.375, 0.375, 0.25], [0.25, 0.375, 0.375], [0.375, 0.125, 0.5], [0.125, 0.125, 0.75], [0.125, 0.0, 0.875], [0, 0, 1], [0, 0, 1]]}, "362195478": {"result": "D", "game": [2, 5, 1, 0, 8, 4, 3, 6, 7], "probs": [[0.375, 0.625, 0.0], [0.125, 0.75, 0.125], [0.375, 0.5, 0.125], [0.375, 0.375, 0.25], [0.375, 0.25, 0.375], [0.25, 0.125, 0.625], [0.125, 0.0, 0.875], [0, 0, 1], [0, 0, 1]]}, "985164732": {"result": "D", "game": [8, 7, 4, 0, 5, 3, 6, 2, 1], "probs": [[0.375, 0.625, 0.0], [0.125, 0.75, 0.125], [0.5, 0.25, 0.25], [0.25, 0.375, 0.375], [1, 0, 0], [0, 1, 0], [1, 0, 0], [0.125, 0.0, 0.875], [0, 0, 1]]}, "35281": {"result": "X", "game": [2, 4, 1, 7, 0], "probs": [[0.375, 0.625, 0.0], [0.375, 0.5, 0.125], [0.25, 0.5, 0.25], [0, 1, 0], [0.375, 0.25, 0.375]]}, "365782419": {"result": "D", "game": [2, 5, 4, 6, 7, 1, 3, 0, 8], "probs": [[0.375, 0.625, 0.0], [0.125, 0.75, 0.125], [0.5, 0.25, 0.25], [0.25, 0.375, 0.375], [0.375, 0.125, 0.5], [0.125, 0.125, 0.75], [0.125, 0.0, 0.875], [0, 0, 1], [0, 0, 1]]}, "85673921": {"result": "O", "game": [7, 4, 5, 6, 2, 8, 1, 0], "probs": [[0.25, 0.75, 0.0], [0.375, 0.5, 0.125], [0.25, 0.5, 0.25], [0.375, 0.25, 0.375], [0.25, 0.25, 0.5], [0.25, 0.125, 0.625], [0, 1, 0], [1, 0, 0]]}, "325719846": {"result": "D", "game": [2, 1, 4, 6, 0, 8, 7, 3, 5], "probs": [[0.375, 0.625, 0.0], [0.125, 0.75, 0.125], [0.5, 0.25, 0.25], [0.25, 0.375, 0.375], [0.375, 0.125, 0.5], [0.125, 0.125, 0.75], [0.125, 0.0, 0.875], [0, 0, 1], [0, 0, 1]]}, "98637152": {"result": "O", "game": [8, 7, 5, 2, 6, 0, 4, 1], "probs": [[0.375, 0.625, 0.0], [0.125, 0.75, 0.125], [0.375, 0.5, 0.125], [0.375, 0.375, 0.25], [0.375, 0.25, 0.375], [0.25, 0.125, 0.625], [0, 1, 0], [0, 1, 0]]}, "37241": {"result": "X", "game": [2, 6, 1, 3, 0], "probs": [[0.375, 0.625, 0.0], [0.25, 0.625, 0.125], [0.375, 0.5, 0.125], [0, 1, 0], [0.5, 0.25, 0.25]]}, "365712894": {"result": "D", "game": [2, 5, 4, 6, 0, 1, 7, 8, 3], "probs": [[0.375, 0.625, 0.0], [0.125, 0.75, 0.125], [0.5, 0.25, 0.25], [0.25, 0.375, 0.375], [1, 0, 0], [0, 1, 0], [0.125, 0.0, 0.875], [0, 0, 1], [0, 0, 1]]}, "35261": {"result": "X", "game": [2, 4, 1, 5, 0], "probs": [[0.375, 0.625, 0.0], [0.375, 0.5, 0.125], [0.25, 0.5, 0.25], [0, 1, 0], [0, 1, 0]]}, "36587": {"result": "X", "game": [2, 5, 4, 7, 6], "probs": [[0.375, 0.625, 0.0], [0.125, 0.75, 0.125], [0.5, 0.25, 0.25], [0, 1, 0], [0.5, 0.0, 0.5]]}, "35291": {"result": "X", "game": [2, 4, 1, 8, 0], "probs": [[0.375, 0.625, 0.0], [0.375, 0.5, 0.125], [0.25, 0.5, 0.25], [0, 1, 0], [0.25, 0.25, 0.5]]}, "361257894": {"result": "D", "game": [2, 5, 0, 1, 4, 6, 7, 8, 3], "probs": [[0.375, 0.625, 0.0], [0.125, 0.75, 0.125], [0.5, 0.375, 0.125], [0.25, 0.5, 0.25], [1, 0, 0], [0, 1, 0], [0.125, 0.0, 0.875], [0, 0, 1], [0, 0, 1]]}, "35241": {"result": "X", "game": [2, 4, 1, 3, 0], "probs": [[0.375, 0.625, 0.0], [0.375, 0.5, 0.125], [0.25, 0.5, 0.25], [0, 1, 0], [0, 1, 0]]}, "984532": {"result": "O", "game": [8, 7, 3, 4, 2, 1], "probs": [[0.375, 0.625, 0.0], [0.125, 0.75, 0.125], [0.5, 0.375, 0.125], [0.25, 0.375, 0.375], [0, 1, 0], [0, 1, 0]]}, "538271": {"result": "O", "game": [4, 2, 7, 1, 6, 0], "probs": [[0.5, 0.5, 0.0], [0.25, 0.625, 0.125], [0.5, 0.375, 0.125], [0.25, 0.5, 0.25], [0, 1, 0], [0, 1, 0]]}, "123578": {"result": "O", "game": [0, 1, 2, 4, 6, 7], "probs": [[0.375, 0.625, 0.0], [0.125, 0.75, 0.125], [0.5, 0.375, 0.125], [0.25, 0.375, 0.375], [0, 1, 0], [0, 1, 0]]}, "35271": {"result": "X", "game": [2, 4, 1, 6, 0], "probs": [[0.375, 0.625, 0.0], [0.375, 0.5, 0.125], [0.25, 0.5, 0.25], [0, 1, 0], [0.25, 0.25, 0.5]]}, "654971": {"result": "O", "game": [5, 4, 3, 8, 6, 0], "probs": [[0.25, 0.75, 0.0], [0.375, 0.5, 0.125], [0.25, 0.625, 0.125], [0.5, 0.25, 0.25], [0, 1, 0], [0.375, 0.0, 0.625]]}, "12743596": {"result": "O", "game": [0, 1, 6, 3, 2, 4, 8, 5], "probs": [[0.375, 0.625, 0.0], [0.125, 0.75, 0.125], [0.5, 0.375, 0.125], [0.25, 0.5, 0.25], [0.5, 0.25, 0.25], [1, 0, 0], [1, 0, 0], [1, 0, 0]]}, "37251": {"result": "X", "game": [2, 6, 1, 4, 0], "probs": [[0.375, 0.625, 0.0], [0.25, 0.625, 0.125], [0.375, 0.5, 0.125], [0, 1, 0], [0.25, 0.25, 0.5]]}, "45382179": {"result": "O", "game": [3, 4, 2, 7, 1, 0, 6, 8], "probs": [[0.25, 0.75, 0.0], [0.375, 0.5, 0.125], [0.375, 0.375, 0.25], [0.375, 0.375, 0.25], [0.375, 0.25, 0.375], [0.25, 0.125, 0.625], [0, 1, 0], [0.125, 0.0, 0.875]]}, "25319684": {"result": "O", "game": [1, 4, 2, 0, 8, 5, 7, 3], "probs": [[0.25, 0.75, 0.0], [0.375, 0.5, 0.125], [0.25, 0.5, 0.25], [0.375, 0.25, 0.375], [0.25, 0.25, 0.5], [0.25, 0.125, 0.625], [0, 1, 0], [1, 0, 0]]}, "98637215": {"result": "O", "game": [8, 7, 5, 2, 6, 1, 0, 4], "probs": [[0.375, 0.625, 0.0], [0.125, 0.75, 0.125], [0.375, 0.5, 0.125], [0.375, 0.375, 0.25], [0.375, 0.25, 0.375], [1, 0, 0], [1, 0, 0], [0, 1, 0]]}, "3257496": {"result": "X", "game": [2, 1, 4, 6, 3, 8, 5], "probs": [[0.375, 0.625, 0.0], [0.125, 0.75, 0.125], [0.5, 0.25, 0.25], [0.25, 0.375, 0.375], [0.375, 0.125, 0.5], [0, 1, 0], [0, 1, 0]]}, "325781496": {"result": "X", "game": [2, 1, 4, 6, 7, 0, 3, 8, 5], "probs": [[0.375, 0.625, 0.0], [0.125, 0.75, 0.125], [0.5, 0.25, 0.25], [0.25, 0.375, 0.375], [0.375, 0.125, 0.5], [0.125, 0.25, 0.625], [0.25, 0.0, 0.75], [0, 1, 0], [0.125, 0.0, 0.875]]}, "98631542": {"result": "O", "game": [8, 7, 5, 2, 0, 4, 3, 1], "probs": [[0.375, 0.625, 0.0], [0.125, 0.75, 0.125], [0.375, 0.5, 0.125], [0.375, 0.375, 0.25], [0.375, 0.25, 0.375], [1, 0, 0], [0, 1, 0], [1, 0, 0]]}, "98267435": {"result": "O", "game": [8, 7, 1, 5, 6, 3, 2, 4], "probs": [[0.375, 0.625, 0.0], [0.125, 0.75, 0.125], [0.375, 0.375, 0.25], [0.125, 0.5, 0.375], [0.5, 0.125, 0.375], [0.125, 0.375, 0.5], [1, 0, 0], [0, 1, 0]]}, "259436": {"result": "O", "game": [1, 4, 8, 3, 2, 5], "probs": [[0.25, 0.75, 0.0], [0.375, 0.5, 0.125], [0.375, 0.375, 0.25], [0.375, 0.375, 0.25], [1, 0, 0], [0, 1, 0]]}, "3175948": {"result": "X", "game": [2, 0, 6, 4, 8, 3, 7], "probs": [[0.375, 0.625, 0.0], [0.25, 0.625, 0.125], [0.375, 0.375, 0.25], [0.375, 0.25, 0.375], [1, 0, 0], [0, 1, 0], [1, 0, 0]]}, "259463781": {"result": "D", "game": [1, 4, 8, 3, 5, 2, 6, 7, 0], "probs": [[0.25, 0.75, 0.0], [0.375, 0.5, 0.125], [0.375, 0.375, 0.25], [0.375, 0.375, 0.25], [0.375, 0.25, 0.375], [0.25, 0.125, 0.625], [0.125, 0.0, 0.875], [0, 0, 1], [0, 0, 1]]}, "364287519": {"result": "D", "game": [2, 5, 3, 1, 7, 6, 4, 0, 8], "probs": [[0.375, 0.625, 0.0], [0.125, 0.75, 0.125], [0.375, 0.375, 0.25], [0.125, 0.5, 0.375], [0.375, 0.125, 0.5], [0.0, 0.125, 0.875], [0.125, 0.0, 0.875], [0, 0, 1], [0, 0, 1]]}, "3657291": {"result": "X", "game": [2, 5, 4, 6, 1, 8, 0], "probs": [[0.375, 0.625, 0.0], [0.125, 0.75, 0.125], [0.5, 0.25, 0.25], [0.25, 0.375, 0.375], [1, 0, 0], [0, 1, 0], [1, 0, 0]]}, "129568": {"result": "O", "game": [0, 1, 8, 4, 5, 7], "probs": [[0.375, 0.625, 0.0], [0.125, 0.75, 0.125], [0.5, 0.375, 0.125], [0.375, 0.375, 0.25], [0, 1, 0], [0, 1, 0]]}, "31765": {"result": "X", "game": [2, 0, 6, 5, 4], "probs": [[0.375, 0.625, 0.0], [0.25, 0.625, 0.125], [0.375, 0.375, 0.25], [0, 1, 0], [0.375, 0.0, 0.625]]}, "364987521": {"result": "D", "game": [2, 5, 3, 8, 7, 6, 4, 1, 0], "probs": [[0.375, 0.625, 0.0], [0.125, 0.75, 0.125], [0.375, 0.375, 0.25], [0.25, 0.5, 0.25], [0.5, 0.125, 0.375], [0.125, 0.25, 0.625], [0.25, 0.0, 0.75], [0, 0, 1], [0, 0, 1]]}, "251374698": {"result": "D", "game": [1, 4, 0, 2, 6, 3, 5, 8, 7], "probs": [[0.25, 0.75, 0.0], [0.375, 0.5, 0.125], [0.25, 0.5, 0.25], [0.375, 0.25, 0.375], [0.25, 0.25, 0.5], [0.25, 0.125, 0.625], [0.125, 0.0, 0.875], [0, 0, 1], [0, 0, 1]]}, "352196487": {"result": "D", "game": [2, 4, 1, 0, 8, 5, 3, 7, 6], "probs": [[0.375, 0.625, 0.0], [0.375, 0.5, 0.125], [0.25, 0.5, 0.25], [0.375, 0.25, 0.375], [0.25, 0.25, 0.5], [0.25, 0.125, 0.625], [0.125, 0.0, 0.875], [0, 0, 1], [0, 0, 1]]}, "31785": {"result": "X", "game": [2, 0, 6, 7, 4], "probs": [[0.375, 0.625, 0.0], [0.25, 0.625, 0.125], [0.375, 0.375, 0.25], [0, 1, 0], [0.375, 0.0, 0.625]]}, "36127495": {"result": "O", "game": [2, 5, 0, 1, 6, 3, 8, 4], "probs": [[0.375, 0.625, 0.0], [0.125, 0.75, 0.125], [0.5, 0.375, 0.125], [0.25, 0.5, 0.25], [1, 0, 0], [0, 1, 0], [1, 0, 0], [1, 0, 0]]}, "857921": {"result": "O", "game": [7, 4, 6, 8, 1, 0], "probs": [[0.25, 0.75, 0.0], [0.375, 0.5, 0.125], [0.25, 0.5, 0.25], [0.375, 0.25, 0.375], [0, 1, 0], [0.375, 0.0, 0.625]]}, "538291": {"result": "O", "game": [4, 2, 7, 1, 8, 0], "probs": [[0.5, 0.5, 0.0], [0.25, 0.625, 0.125], [0.5, 0.375, 0.125], [0.25, 0.5, 0.25], [1, 0, 0], [0, 1, 0]]}, "361287594": {"result": "D", "game": [2, 5, 0, 1, 7, 6, 4, 8, 3], "probs": [[0.375, 0.625, 0.0], [0.125, 0.75, 0.125], [0.5, 0.375, 0.125], [0.25, 0.5, 0.25], [0.5, 0.125, 0.375], [0.125, 0.125, 0.75], [0.125, 0.0, 0.875], [0, 0, 1], [0, 0, 1]]}, "98452317": {"result": "O", "game": [8, 7, 3, 4, 1, 2, 0, 6], "probs": [[0.375, 0.625, 0.0], [0.125, 0.75, 0.125], [0.5, 0.375, 0.125], [0.25, 0.375, 0.375], [0.375, 0.125, 0.5], [0.125, 0.125, 0.75], [0, 1, 0], [0.125, 0.0, 0.875]]}, "37281": {"result": "X", "game": [2, 6, 1, 7, 0], "probs": [[0.375, 0.625, 0.0], [0.25, 0.625, 0.125], [0.375, 0.5, 0.125], [0, 1, 0], [0, 1, 0]]}, "364982571": {"result": "D", "game": [2, 5, 3, 8, 7, 1, 4, 6, 0], "probs": [[0.375, 0.625, 0.0], [0.125, 0.75, 0.125], [0.375, 0.375, 0.25], [0.25, 0.5, 0.25], [0.5, 0.125, 0.375], [0.125, 0.25, 0.625], [0.25, 0.0, 0.75], [0, 0, 1], [0, 0, 1]]}, "34217569": {"result": "O", "game": [2, 3, 1, 0, 6, 4, 5, 8], "probs": [[0.375, 0.625, 0.0], [0.25, 0.75, 0.0], [0.5, 0.5, 0.0], [0.375, 0.5, 0.125], [0.5, 0.25, 0.25], [1, 0, 0], [0, 1, 0], [0.125, 0.0, 0.875]]}, "654981": {"result": "O", "game": [5, 4, 3, 8, 7, 0], "probs": [[0.25, 0.75, 0.0], [0.375, 0.5, 0.125], [0.25, 0.625, 0.125], [0.5, 0.25, 0.25], [0, 1, 0], [0.375, 0.0, 0.625]]}, "12743568": {"result": "O", "game": [0, 1, 6, 3, 2, 4, 5, 7], "probs": [[0.375, 0.625, 0.0], [0.125, 0.75, 0.125], [0.5, 0.375, 0.125], [0.25, 0.5, 0.25], [0.5, 0.25, 0.25], [1, 0, 0], [0, 1, 0], [0, 1, 0]]}, "456179": {"result": "O", "game": [3, 4, 5, 0, 6, 8], "probs": [[0.25, 0.75, 0.0], [0.375, 0.5, 0.125], [0.25, 0.625, 0.125], [0.5, 0.25, 0.25], [0, 1, 0], [0.375, 0.0, 0.625]]}, "98631572": {"result": "O", "game": [8, 7, 5, 2, 0, 4, 6, 1], "probs": [[0.375, 0.625, 0.0], [0.125, 0.75, 0.125], [0.375, 0.5, 0.125], [0.375, 0.375, 0.25], [0.375, 0.25, 0.375], [1, 0, 0], [0, 1, 0], [0, 1, 0]]}, "74698531": {"result": "O", "game": [6, 3, 5, 8, 7, 4, 2, 0], "probs": [[0.375, 0.625, 0.0], [0.125, 0.75, 0.125], [0.375, 0.375, 0.25], [0.125, 0.375, 0.5], [0.25, 0.25, 0.5], [0.125, 0.125, 0.75], [0, 1, 0], [0.125, 0.0, 0.875]]}, "3257961": {"result": "X", "game": [2, 1, 4, 6, 8, 5, 0], "probs": [[0.375, 0.625, 0.0], [0.125, 0.75, 0.125], [0.5, 0.25, 0.25], [0.25, 0.375, 0.375], [1, 0, 0], [0, 1, 0], [0.125, 0.0, 0.875]]}, "3521986": {"result": "X", "game": [2, 4, 1, 0, 8, 7, 5], "probs": [[0.375, 0.625, 0.0], [0.375, 0.5, 0.125], [0.25, 0.5, 0.25], [0.375, 0.25, 0.375], [0.25, 0.25, 0.5], [0, 1, 0], [0.125, 0.125, 0.75]]}, "364798125": {"result": "X", "game": [2, 5, 3, 6, 8, 7, 0, 1, 4], "probs": [[0.375, 0.625, 0.0], [0.125, 0.75, 0.125], [0.375, 0.375, 0.25], [0.125, 0.375, 0.5], [0.25, 0.125, 0.625], [0.125, 0.25, 0.625], [1, 0, 0], [0, 1, 0], [0.125, 0.0, 0.875]]}, "539172": {"result": "O", "game": [4, 2, 8, 0, 6, 1], "probs": [[0.5, 0.5, 0.0], [0.25, 0.625, 0.125], [0.5, 0.25, 0.25], [0.25, 0.375, 0.375], [0, 1, 0], [0, 1, 0]]}, "1274539": {"result": "X", "game": [0, 1, 6, 3, 4, 2, 8], "probs": [[0.375, 0.625, 0.0], [0.125, 0.75, 0.125], [0.5, 0.375, 0.125], [0.25, 0.5, 0.25], [1, 0, 0], [0, 1, 0], [1, 0, 0]]}, "3421765": {"result": "X", "game": [2, 3, 1, 0, 6, 5, 4], "probs": [[0.375, 0.625, 0.0], [0.25, 0.75, 0.0], [0.5, 0.5, 0.0], [0.375, 0.5, 0.125], [0.5, 0.25, 0.25], [0, 1, 0], [1, 0, 0]]}, "859736421": {"result": "D", "game": [7, 4, 8, 6, 2, 5, 3, 1, 0], "probs": [[0.25, 0.75, 0.0], [0.375, 0.5, 0.125], [0.25, 0.5, 0.25], [0.375, 0.25, 0.375], [0.25, 0.25, 0.5], [0.25, 0.125, 0.625], [0.125, 0.0, 0.875], [0, 0, 1], [0, 0, 1]]}, "98367524": {"result": "O", "game": [8, 7, 2, 5, 6, 4, 1, 3], "probs": [[0.375, 0.625, 0.0], [0.125, 0.75, 0.125], [0.5, 0.375, 0.125], [0.25, 0.5, 0.25], [0.5, 0.25, 0.25], [1, 0, 0], [0, 1, 0], [0, 1, 0]]}, "3421785": {"result": "X", "game": [2, 3, 1, 0, 6, 7, 4], "probs": [[0.375, 0.625, 0.0], [0.25, 0.75, 0.0], [0.5, 0.5, 0.0], [0.375, 0.5, 0.125], [0.5, 0.25, 0.25], [0, 1, 0], [0.25, 0.0, 0.75]]}, "982147563": {"result": "D", "game": [8, 7, 1, 0, 3, 6, 4, 5, 2], "probs": [[0.375, 0.625, 0.0], [0.125, 0.75, 0.125], [0.375, 0.375, 0.25], [0.125, 0.375, 0.5], [0.25, 0.125, 0.625], [0.125, 0.25, 0.625], [0.25, 0.0, 0.75], [0, 0, 1], [0, 0, 1]]}, "25764189": {"result": "O", "game": [1, 4, 6, 5, 3, 0, 7, 8], "probs": [[0.25, 0.75, 0.0], [0.375, 0.5, 0.125], [0.375, 0.375, 0.25], [0.375, 0.375, 0.25], [0.375, 0.25, 0.375], [0.25, 0.125, 0.625], [0, 1, 0], [1, 0, 0]]}, "986324517": {"result": "D", "game": [8, 7, 5, 2, 1, 3, 4, 0, 6], "probs": [[0.375, 0.625, 0.0], [0.125, 0.75, 0.125], [0.375, 0.5, 0.125], [0.375, 0.375, 0.25], [0.25, 0.25, 0.5], [0.25, 0.125, 0.625], [0.125, 0.125, 0.75], [0.125, 0.0, 0.875], [0, 0, 1]]}, "539162": {"result": "O", "game": [4, 2, 8, 0, 5, 1], "probs": [[0.5, 0.5, 0.0], [0.25, 0.625, 0.125], [0.5, 0.25, 0.25], [0.25, 0.375, 0.375], [0, 1, 0], [0, 1, 0]]}, "658379142": {"result": "D", "game": [5, 4, 7, 2, 6, 8, 0, 3, 1], "probs": [[0.25, 0.75, 0.0], [0.375, 0.5, 0.125], [0.25, 0.5, 0.25], [0.375, 0.25, 0.375], [0.25, 0.25, 0.5], [0.25, 0.125, 0.625], [0.125, 0.0, 0.875], [0, 0, 1], [0, 0, 1]]}, "98512437": {"result": "O", "game": [8, 7, 4, 0, 1, 3, 2, 6], "probs": [[0.375, 0.625, 0.0], [0.125, 0.75, 0.125], [0.5, 0.25, 0.25], [0.25, 0.375, 0.375], [0.375, 0.125, 0.5], [0.125, 0.25, 0.625], [1, 0, 0], [0, 1, 0]]}, "368574": {"result": "O", "game": [2, 5, 7, 4, 6, 3], "probs": [[0.375, 0.625, 0.0], [0.125, 0.75, 0.125], [0.5, 0.375, 0.125], [0.25, 0.375, 0.375], [0, 1, 0], [0, 1, 0]]}, "743516": {"result": "O", "game": [6, 3, 2, 4, 0, 5], "probs": [[0.375, 0.625, 0.0], [0.125, 0.75, 0.125], [0.5, 0.375, 0.125], [0.375, 0.375, 0.25], [0, 1, 0], [0, 1, 0]]}, "12358496": {"result": "O", "game": [0, 1, 2, 4, 7, 3, 8, 5], "probs": [[0.375, 0.625, 0.0], [0.125, 0.75, 0.125], [0.5, 0.375, 0.125], [0.25, 0.375, 0.375], [0.375, 0.125, 0.5], [0.125, 0.25, 0.625], [1, 0, 0], [0, 1, 0]]}, "651842": {"result": "O", "game": [5, 4, 0, 7, 3, 1], "probs": [[0.25, 0.75, 0.0], [0.375, 0.5, 0.125], [0.375, 0.375, 0.25], [0.375, 0.375, 0.25], [0, 1, 0], [0, 1, 0]]}, "12473568": {"result": "O", "game": [0, 1, 3, 6, 2, 4, 5, 7], "probs": [[0.375, 0.625, 0.0], [0.125, 0.75, 0.125], [0.375, 0.5, 0.125], [0.375, 0.375, 0.25], [0.375, 0.25, 0.375], [0.25, 0.125, 0.625], [0, 1, 0], [1, 0, 0]]}, "36579184": {"result": "O", "game": [2, 5, 4, 6, 8, 0, 7, 3], "probs": [[0.375, 0.625, 0.0], [0.125, 0.75, 0.125], [0.5, 0.25, 0.25], [0.25, 0.375, 0.375], [0.375, 0.125, 0.5], [0.125, 0.125, 0.75], [0, 1, 0], [0, 1, 0]]}, "127489536": {"result": "D", "game": [0, 1, 6, 3, 7, 8, 4, 2, 5], "probs": [[0.375, 0.625, 0.0], [0.125, 0.75, 0.125], [0.5, 0.375, 0.125], [0.25, 0.5, 0.25], [0.375, 0.25, 0.375], [0.25, 0.125, 0.625], [0.125, 0.125, 0.75], [0.125, 0.0, 0.875], [0, 0, 1]]}, "3975142": {"result": "X", "game": [2, 8, 6, 4, 0, 3, 1], "probs": [[0.375, 0.625, 0.0], [0.25, 0.625, 0.125], [0.375, 0.375, 0.25], [0.375, 0.25, 0.375], [1, 0, 0], [0, 1, 0], [0, 1, 0]]}, "532864791": {"result": "D", "game": [4, 2, 1, 7, 5, 3, 6, 8, 0], "probs": [[0.5, 0.5, 0.0], [0.25, 0.625, 0.125], [0.375, 0.375, 0.25], [0.25, 0.375, 0.375], [0.25, 0.25, 0.5], [0.25, 0.125, 0.625], [0.125, 0.0, 0.875], [0, 0, 1], [0, 0, 1]]}, "365782491": {"result": "D", "game": [2, 5, 4, 6, 7, 1, 3, 8, 0], "probs": [[0.375, 0.625, 0.0], [0.125, 0.75, 0.125], [0.5, 0.25, 0.25], [0.25, 0.375, 0.375], [0.375, 0.125, 0.5], [0.125, 0.125, 0.75], [0.125, 0.0, 0.875], [0, 0, 1], [0, 0, 1]]}, "534629": {"result": "O", "game": [4, 2, 3, 5, 1, 8], "probs": [[0.5, 0.5, 0.0], [0.25, 0.625, 0.125], [0.5, 0.375, 0.125], [0.25, 0.5, 0.25], [0, 1, 0], [0, 1, 0]]}, "3175928": {"result": "X", "game": [2, 0, 6, 4, 8, 1, 7], "probs": [[0.375, 0.625, 0.0], [0.25, 0.625, 0.125], [0.375, 0.375, 0.25], [0.375, 0.25, 0.375], [1, 0, 0], [0, 1, 0], [1, 0, 0]]}, "128537964": {"result": "D", "game": [0, 1, 7, 4, 2, 6, 8, 5, 3], "probs": [[0.375, 0.625, 0.0], [0.125, 0.75, 0.125], [0.375, 0.375, 0.25], [0.25, 0.375, 0.375], [0.375, 0.125, 0.5], [0.125, 0.125, 0.75], [0.125, 0.125, 0.75], [0.125, 0.0, 0.875], [0, 0, 1]]}, "537291": {"result": "O", "game": [4, 2, 6, 1, 8, 0], "probs": [[0.5, 0.5, 0.0], [0.25, 0.625, 0.125], [0.625, 0.25, 0.125], [0.25, 0.5, 0.25], [1, 0, 0], [0, 1, 0]]}, "45719832": {"result": "O", "game": [3, 4, 6, 0, 8, 7, 2, 1], "probs": [[0.25, 0.75, 0.0], [0.375, 0.5, 0.125], [0.25, 0.5, 0.25], [0.375, 0.25, 0.375], [0.25, 0.25, 0.5], [0.25, 0.125, 0.625], [0, 1, 0], [0, 1, 0]]}, "3421795": {"result": "X", "game": [2, 3, 1, 0, 6, 8, 4], "probs": [[0.375, 0.625, 0.0], [0.25, 0.75, 0.0], [0.5, 0.5, 0.0], [0.375, 0.5, 0.125], [0.5, 0.25, 0.25], [0, 1, 0], [1, 0, 0]]}, "126589743": {"result": "D", "game": [0, 1, 5, 4, 7, 8, 6, 3, 2], "probs": [[0.375, 0.625, 0.0], [0.125, 0.75, 0.125], [0.5, 0.375, 0.125], [0.25, 0.375, 0.375], [0.375, 0.125, 0.5], [0.125, 0.125, 0.75], [0.125, 0.0, 0.875], [0, 0, 1], [0, 0, 1]]}, "74893561": {"result": "O", "game": [6, 3, 7, 8, 2, 4, 5, 0], "probs": [[0.375, 0.625, 0.0], [0.125, 0.75, 0.125], [0.375, 0.5, 0.125], [0.375, 0.375, 0.25], [0.375, 0.25, 0.375], [1, 0, 0], [0, 1, 0], [0.125, 0.0, 0.875]]}, "12476598": {"result": "O", "game": [0, 1, 3, 6, 5, 4, 8, 7], "probs": [[0.375, 0.625, 0.0], [0.125, 0.75, 0.125], [0.375, 0.5, 0.125], [0.375, 0.375, 0.25], [0.375, 0.375, 0.25], [1, 0, 0], [0, 1, 0], [1, 0, 0]]}, "98516427": {"result": "O", "game": [8, 7, 4, 0, 5, 3, 1, 6], "probs": [[0.375, 0.625, 0.0], [0.125, 0.75, 0.125], [0.5, 0.25, 0.25], [0.25, 0.375, 0.375], [1, 0, 0], [0, 1, 0], [0, 1, 0], [0, 1, 0]]}, "537261": {"result": "O", "game": [4, 2, 6, 1, 5, 0], "probs": [[0.5, 0.5, 0.0], [0.25, 0.625, 0.125], [0.625, 0.25, 0.125], [0.25, 0.5, 0.25], [0, 1, 0], [0, 1, 0]]}, "127468539": {"result": "X", "game": [0, 1, 6, 3, 5, 7, 4, 2, 8], "probs": [[0.375, 0.625, 0.0], [0.125, 0.75, 0.125], [0.5, 0.375, 0.125], [0.25, 0.5, 0.25], [0.5, 0.125, 0.375], [0.125, 0.375, 0.5], [1, 0, 0], [0, 1, 0], [0.125, 0.0, 0.875]]}, "362147859": {"result": "D", "game": [2, 5, 1, 0, 3, 6, 7, 4, 8], "probs": [[0.375, 0.625, 0.0], [0.125, 0.75, 0.125], [0.375, 0.5, 0.125], [0.375, 0.375, 0.25], [0.25, 0.25, 0.5], [0.25, 0.125, 0.625], [0.125, 0.125, 0.75], [0.125, 0.0, 0.875], [0, 0, 1]]}, "365749821": {"result": "D", "game": [2, 5, 4, 6, 3, 8, 7, 1, 0], "probs": [[0.375, 0.625, 0.0], [0.125, 0.75, 0.125], [0.5, 0.25, 0.25], [0.25, 0.375, 0.375], [0.375, 0.125, 0.5], [0.125, 0.25, 0.625], [0.25, 0.0, 0.75], [0, 0, 1], [0, 0, 1]]}, "537241": {"result": "O", "game": [4, 2, 6, 1, 3, 0], "probs": [[0.5, 0.5, 0.0], [0.25, 0.625, 0.125], [0.625, 0.25, 0.125], [0.25, 0.5, 0.25], [1, 0, 0], [0, 1, 0]]}, "986354217": {"result": "D", "game": [8, 7, 5, 2, 4, 3, 1, 0, 6], "probs": [[0.375, 0.625, 0.0], [0.125, 0.75, 0.125], [0.375, 0.5, 0.125], [0.375, 0.375, 0.25], [1, 0, 0], [0, 1, 0], [0.125, 0.125, 0.75], [0.125, 0.0, 0.875], [0, 0, 1]]}, "125964378": {"result": "D", "game": [0, 1, 4, 8, 5, 3, 2, 6, 7], "probs": [[0.375, 0.625, 0.0], [0.125, 0.75, 0.125], [0.5, 0.25, 0.25], [0.25, 0.375, 0.375], [0.375, 0.125, 0.5], [0.125, 0.125, 0.75], [0.125, 0.125, 0.75], [0.125, 0.0, 0.875], [0, 0, 1]]}, "123548": {"result": "O", "game": [0, 1, 2, 4, 3, 7], "probs": [[0.375, 0.625, 0.0], [0.125, 0.75, 0.125], [0.5, 0.375, 0.125], [0.25, 0.375, 0.375], [0, 1, 0], [0, 1, 0]]}, "12874365": {"result": "O", "game": [0, 1, 7, 6, 3, 2, 5, 4], "probs": [[0.375, 0.625, 0.0], [0.125, 0.75, 0.125], [0.375, 0.375, 0.25], [0.125, 0.375, 0.5], [0.25, 0.25, 0.5], [0.25, 0.25, 0.5], [0, 1, 0], [0.125, 0.0, 0.875]]}, "539128647": {"result": "D", "game": [4, 2, 8, 0, 1, 7, 5, 3, 6], "probs": [[0.5, 0.5, 0.0], [0.25, 0.625, 0.125], [0.5, 0.25, 0.25], [0.25, 0.375, 0.375], [0.375, 0.125, 0.5], [0.125, 0.125, 0.75], [0.125, 0.125, 0.75], [0.125, 0.0, 0.875], [0, 0, 1]]}, "98452763": {"result": "O", "game": [8, 7, 3, 4, 1, 6, 5, 2], "probs": [[0.375, 0.625, 0.0], [0.125, 0.75, 0.125], [0.5, 0.375, 0.125], [0.25, 0.375, 0.375], [0.375, 0.125, 0.5], [0.125, 0.25, 0.625], [0, 1, 0], [0.125, 0.0, 0.875]]}, "37261": {"result": "X", "game": [2, 6, 1, 5, 0], "probs": [[0.375, 0.625, 0.0], [0.25, 0.625, 0.125], [0.375, 0.5, 0.125], [0, 1, 0], [0.375, 0.25, 0.375]]}, "538241": {"result": "O", "game": [4, 2, 7, 1, 3, 0], "probs": [[0.5, 0.5, 0.0], [0.25, 0.625, 0.125], [0.5, 0.375, 0.125], [0.25, 0.5, 0.25], [0, 1, 0], [0, 1, 0]]}, "12658397": {"result": "O", "game": [0, 1, 5, 4, 7, 2, 8, 6], "probs": [[0.375, 0.625, 0.0], [0.125, 0.75, 0.125], [0.5, 0.375, 0.125], [0.25, 0.375, 0.375], [0.375, 0.125, 0.5], [0.125, 0.25, 0.625], [0, 1, 0], [0.125, 0.0, 0.875]]}, "126584973": {"result": "X", "game": [0, 1, 5, 4, 7, 3, 8, 6, 2], "probs": [[0.375, 0.625, 0.0], [0.125, 0.75, 0.125], [0.5, 0.375, 0.125], [0.25, 0.375, 0.375], [0.375, 0.125, 0.5], [0.125, 0.25, 0.625], [1, 0, 0], [0, 1, 0], [0.125, 0.0, 0.875]]}, "65291387": {"result": "O", "game": [5, 4, 1, 8, 0, 2, 7, 6], "probs": [[0.25, 0.75, 0.0], [0.375, 0.5, 0.125], [0.25, 0.5, 0.25], [0.375, 0.25, 0.375], [0.25, 0.25, 0.5], [0.25, 0.125, 0.625], [0, 1, 0], [0.125, 0.0, 0.875]]}, "129548": {"result": "O", "game": [0, 1, 8, 4, 3, 7], "probs": [[0.375, 0.625, 0.0], [0.125, 0.75, 0.125], [0.5, 0.375, 0.125], [0.375, 0.375, 0.25], [0, 1, 0], [0, 1, 0]]}, "749853612": {"result": "D", "game": [6, 3, 8, 7, 4, 2, 5, 0, 1], "probs": [[0.375, 0.625, 0.0], [0.125, 0.75, 0.125], [0.5, 0.375, 0.125], [0.25, 0.5, 0.25], [1, 0, 0], [0, 1, 0], [0.125, 0.125, 0.75], [0.125, 0.0, 0.875], [0, 0, 1]]}, "12958763": {"result": "O", "game": [0, 1, 8, 4, 7, 6, 5, 2], "probs": [[0.375, 0.625, 0.0], [0.125, 0.75, 0.125], [0.5, 0.375, 0.125], [0.375, 0.375, 0.25], [0.375, 0.25, 0.375], [0.25, 0.125, 0.625], [0, 1, 0], [0.125, 0.0, 0.875]]}, "3975182": {"result": "X", "game": [2, 8, 6, 4, 0, 7, 1], "probs": [[0.375, 0.625, 0.0], [0.25, 0.625, 0.125], [0.375, 0.375, 0.25], [0.375, 0.25, 0.375], [1, 0, 0], [0, 1, 0], [1, 0, 0]]}, "372149865": {"result": "X", "game": [2, 6, 1, 0, 3, 8, 7, 5, 4], "probs": [[0.375, 0.625, 0.0], [0.25, 0.625, 0.125], [0.375, 0.5, 0.125], [0.375, 0.375, 0.25], [0.375, 0.25, 0.375], [1, 0, 0], [0, 1, 0], [0, 1, 0], [0.125, 0.0, 0.875]]}, "532846917": {"result": "D", "game": [4, 2, 1, 7, 3, 5, 8, 0, 6], "probs": [[0.5, 0.5, 0.0], [0.25, 0.625, 0.125], [0.375, 0.375, 0.25], [0.25, 0.375, 0.375], [0.375, 0.25, 0.375], [0.25, 0.25, 0.5], [0.25, 0.0, 0.75], [0, 0, 1], [0, 0, 1]]}, "74892516": {"result": "O", "game": [6, 3, 7, 8, 1, 4, 0, 5], "probs": [[0.375, 0.625, 0.0], [0.125, 0.75, 0.125], [0.375, 0.5, 0.125], [0.375, 0.375, 0.25], [0.375, 0.375, 0.25], [1, 0, 0], [0, 1, 0], [1, 0, 0]]}, "342175689": {"result": "X", "game": [2, 3, 1, 0, 6, 4, 5, 7, 8], "probs": [[0.375, 0.625, 0.0], [0.25, 0.75, 0.0], [0.5, 0.5, 0.0], [0.375, 0.5, 0.125], [0.5, 0.25, 0.25], [1, 0, 0], [0, 1, 0], [0, 1, 0], [0.125, 0.0, 0.875]]}, "45619372": {"result": "O", "game": [3, 4, 5, 0, 8, 2, 6, 1], "probs": [[0.25, 0.75, 0.0], [0.375, 0.5, 0.125], [0.25, 0.625, 0.125], [0.5, 0.25, 0.25], [0.25, 0.375, 0.375], [1, 0, 0], [0, 1, 0], [1, 0, 0]]}, "746839215": {"result": "X", "game": [6, 3, 5, 7, 2, 8, 1, 0, 4], "probs": [[0.375, 0.625, 0.0], [0.125, 0.75, 0.125], [0.375, 0.375, 0.25], [0.125, 0.5, 0.375], [1, 0, 0], [0, 1, 0], [1, 0, 0], [0, 1, 0], [0.125, 0.0, 0.875]]}, "539182": {"result": "O", "game": [4, 2, 8, 0, 7, 1], "probs": [[0.5, 0.5, 0.0], [0.25, 0.625, 0.125], [0.5, 0.25, 0.25], [0.25, 0.375, 0.375], [1, 0, 0], [0, 1, 0]]}, "12749865": {"result": "O", "game": [0, 1, 6, 3, 8, 7, 5, 4], "probs": [[0.375, 0.625, 0.0], [0.125, 0.75, 0.125], [0.5, 0.375, 0.125], [0.25, 0.5, 0.25], [1, 0, 0], [0, 1, 0], [1, 0, 0], [0, 1, 0]]}, "741563982": {"result": "D", "game": [6, 3, 0, 4, 5, 2, 8, 7, 1], "probs": [[0.375, 0.625, 0.0], [0.125, 0.75, 0.125], [0.5, 0.375, 0.125], [0.25, 0.375, 0.375], [0.375, 0.125, 0.5], [0.125, 0.125, 0.75], [0.125, 0.125, 0.75], [0.125, 0.0, 0.875], [0, 0, 1]]}, "981523746": {"result": "D", "game": [8, 7, 0, 4, 1, 2, 6, 3, 5], "probs": [[0.375, 0.625, 0.0], [0.125, 0.75, 0.125], [0.5, 0.375, 0.125], [0.375, 0.375, 0.25], [0.375, 0.25, 0.375], [0.25, 0.125, 0.625], [0.125, 0.125, 0.75], [0.125, 0.0, 0.875], [0, 0, 1]]}, "3657142": {"result": "X", "game": [2, 5, 4, 6, 0, 3, 1], "probs": [[0.375, 0.625, 0.0], [0.125, 0.75, 0.125], [0.5, 0.25, 0.25], [0.25, 0.375, 0.375], [1, 0, 0], [0, 1, 0], [1, 0, 0]]}, "98632547": {"result": "O", "game": [8, 7, 5, 2, 1, 4, 3, 6], "probs": [[0.375, 0.625, 0.0], [0.125, 0.75, 0.125], [0.375, 0.5, 0.125], [0.375, 0.375, 0.25], [0.25, 0.25, 0.5], [0.125, 0.125, 0.75], [0, 1, 0], [0.125, 0.0, 0.875]]}, "987512": {"result": "O", "game": [8, 7, 6, 4, 0, 1], "probs": [[0.375, 0.625, 0.0], [0.125, 0.75, 0.125], [0.5, 0.375, 0.125], [0.25, 0.375, 0.375], [0, 1, 0], [0, 1, 0]]}, "3257169": {"result": "X", "game": [2, 1, 4, 6, 0, 5, 8], "probs": [[0.375, 0.625, 0.0], [0.125, 0.75, 0.125], [0.5, 0.25, 0.25], [0.25, 0.375, 0.375], [0.375, 0.125, 0.5], [0, 1, 0], [0.125, 0.0, 0.875]]}, "365782941": {"result": "X", "game": [2, 5, 4, 6, 7, 1, 8, 3, 0], "probs": [[0.375, 0.625, 0.0], [0.125, 0.75, 0.125], [0.5, 0.25, 0.25], [0.25, 0.375, 0.375], [0.375, 0.125, 0.5], [0.125, 0.125, 0.75], [0.125, 0.125, 0.75], [0, 1, 0], [0.125, 0.0, 0.875]]}, "9851643": {"result": "X", "game": [8, 7, 4, 0, 5, 3, 2], "probs": [[0.375, 0.625, 0.0], [0.125, 0.75, 0.125], [0.5, 0.25, 0.25], [0.25, 0.375, 0.375], [1, 0, 0], [0, 1, 0], [1, 0, 0]]}, "982563714": {"result": "D", "game": [8, 7, 1, 4, 5, 2, 6, 0, 3], "probs": [[0.375, 0.625, 0.0], [0.125, 0.75, 0.125], [0.375, 0.375, 0.25], [0.25, 0.375, 0.375], [0.25, 0.25, 0.5], [0.125, 0.125, 0.75], [0.125, 0.0, 0.875], [0, 0, 1], [0, 0, 1]]}, "985136274": {"result": "D", "game": [8, 7, 4, 0, 2, 5, 1, 6, 3], "probs": [[0.375, 0.625, 0.0], [0.125, 0.75, 0.125], [0.5, 0.25, 0.25], [0.25, 0.375, 0.375], [1, 0, 0], [0, 1, 0], [0.125, 0.125, 0.75], [0.125, 0.0, 0.875], [0, 0, 1]]}, "364285791": {"result": "X", "game": [2, 5, 3, 1, 7, 4, 6, 8, 0], "probs": [[0.375, 0.625, 0.0], [0.125, 0.75, 0.125], [0.375, 0.375, 0.25], [0.125, 0.5, 0.375], [0.375, 0.125, 0.5], [0.125, 0.25, 0.625], [1, 0, 0], [0, 1, 0], [0.125, 0.0, 0.875]]}, "364912875": {"result": "D", "game": [2, 5, 3, 8, 0, 1, 7, 6, 4], "probs": [[0.375, 0.625, 0.0], [0.125, 0.75, 0.125], [0.375, 0.375, 0.25], [0.25, 0.5, 0.25], [1, 0, 0], [0, 1, 0], [0.25, 0.0, 0.75], [0, 0, 1], [0, 0, 1]]}, "74531986": {"result": "O", "game": [6, 3, 4, 2, 0, 8, 7, 5], "probs": [[0.375, 0.625, 0.0], [0.125, 0.75, 0.125], [0.5, 0.25, 0.25], [0.25, 0.375, 0.375], [0.375, 0.125, 0.5], [0.125, 0.125, 0.75], [0, 1, 0], [0, 1, 0]]}, "536428791": {"result": "D", "game": [4, 2, 5, 3, 1, 7, 6, 8, 0], "probs": [[0.5, 0.5, 0.0], [0.25, 0.625, 0.125], [0.375, 0.375, 0.25], [0.25, 0.375, 0.375], [0.25, 0.25, 0.5], [0.25, 0.125, 0.625], [0.125, 0.0, 0.875], [0, 0, 1], [0, 0, 1]]}, "3521946": {"result": "X", "game": [2, 4, 1, 0, 8, 3, 5], "probs": [[0.375, 0.625, 0.0], [0.375, 0.5, 0.125], [0.25, 0.5, 0.25], [0.375, 0.25, 0.375], [0.25, 0.25, 0.5], [1, 0, 0], [0, 1, 0]]}, "745362198": {"result": "D", "game": [6, 3, 4, 2, 5, 1, 0, 8, 7], "probs": [[0.375, 0.625, 0.0], [0.125, 0.75, 0.125], [0.5, 0.25, 0.25], [0.25, 0.375, 0.375], [0.375, 0.125, 0.5], [0.125, 0.25, 0.625], [0.25, 0.0, 0.75], [0, 0, 1], [0, 0, 1]]}, "361247859": {"result": "D", "game": [2, 5, 0, 1, 3, 6, 7, 4, 8], "probs": [[0.375, 0.625, 0.0], [0.125, 0.75, 0.125], [0.5, 0.375, 0.125], [0.25, 0.5, 0.25], [0.375, 0.25, 0.375], [0.25, 0.125, 0.625], [0.125, 0.0, 0.875], [0, 0, 1], [0, 0, 1]]}, "365741289": {"result": "D", "game": [2, 5, 4, 6, 3, 0, 1, 7, 8], "probs": [[0.375, 0.625, 0.0], [0.125, 0.75, 0.125], [0.5, 0.25, 0.25], [0.25, 0.375, 0.375], [0.375, 0.125, 0.5], [0.125, 0.125, 0.75], [0.125, 0.125, 0.75], [0.125, 0.0, 0.875], [0, 0, 1]]}, "746819532": {"result": "D", "game": [6, 3, 5, 7, 0, 8, 4, 2, 1], "probs": [[0.375, 0.625, 0.0], [0.125, 0.75, 0.125], [0.375, 0.375, 0.25], [0.125, 0.5, 0.375], [0.5, 0.125, 0.375], [0.125, 0.25, 0.625], [0.25, 0.0, 0.75], [0, 0, 1], [0, 0, 1]]}, "352196478": {"result": "D", "game": [2, 4, 1, 0, 8, 5, 3, 6, 7], "probs": [[0.375, 0.625, 0.0], [0.375, 0.5, 0.125], [0.25, 0.5, 0.25], [0.375, 0.25, 0.375], [0.25, 0.25, 0.5], [0.25, 0.125, 0.625], [0.125, 0.0, 0.875], [0, 0, 1], [0, 0, 1]]}, "124736859": {"result": "D", "game": [0, 1, 3, 6, 2, 5, 7, 4, 8], "probs": [[0.375, 0.625, 0.0], [0.125, 0.75, 0.125], [0.375, 0.5, 0.125], [0.375, 0.375, 0.25], [0.375, 0.25, 0.375], [0.25, 0.125, 0.625], [0.125, 0.0, 0.875], [0, 0, 1], [0, 0, 1]]}, "53649172": {"result": "O", "game": [4, 2, 5, 3, 8, 0, 6, 1], "probs": [[0.5, 0.5, 0.0], [0.25, 0.625, 0.125], [0.375, 0.375, 0.25], [0.25, 0.375, 0.375], [0.375, 0.25, 0.375], [1, 0, 0], [0, 1, 0], [0, 1, 0]]}, "53648271": {"result": "O", "game": [4, 2, 5, 3, 7, 1, 6, 0], "probs": [[0.5, 0.5, 0.0], [0.25, 0.625, 0.125], [0.375, 0.375, 0.25], [0.25, 0.375, 0.375], [0.375, 0.25, 0.375], [0.25, 0.25, 0.5], [0, 1, 0], [0, 1, 0]]}, "126538": {"result": "O", "game": [0, 1, 5, 4, 2, 7], "probs": [[0.375, 0.625, 0.0], [0.125, 0.75, 0.125], [0.5, 0.375, 0.125], [0.25, 0.375, 0.375], [0, 1, 0], [0, 1, 0]]}, "748912356": {"result": "D", "game": [6, 3, 7, 8, 0, 1, 2, 4, 5], "probs": [[0.375, 0.625, 0.0], [0.125, 0.75, 0.125], [0.375, 0.5, 0.125], [0.375, 0.375, 0.25], [0.375, 0.25, 0.375], [0.25, 0.125, 0.625], [0.125, 0.125, 0.75], [0.125, 0.0, 0.875], [0, 0, 1]]}, "372146985": {"result": "D", "game": [2, 6, 1, 0, 3, 5, 8, 7, 4], "probs": [[0.375, 0.625, 0.0], [0.25, 0.625, 0.125], [0.375, 0.5, 0.125], [0.375, 0.375, 0.25], [0.375, 0.25, 0.375], [0.25, 0.125, 0.625], [0.125, 0.0, 0.875], [0, 0, 1], [0, 0, 1]]}, "123589674": {"result": "D", "game": [0, 1, 2, 4, 7, 8, 5, 6, 3], "probs": [[0.375, 0.625, 0.0], [0.125, 0.75, 0.125], [0.5, 0.375, 0.125], [0.25, 0.375, 0.375], [0.375, 0.125, 0.5], [0.125, 0.125, 0.75], [0.125, 0.0, 0.875], [0, 0, 1], [0, 0, 1]]}, "742561983": {"result": "X", "game": [6, 3, 1, 4, 5, 0, 8, 7, 2], "probs": [[0.375, 0.625, 0.0], [0.125, 0.75, 0.125], [0.5, 0.375, 0.125], [0.25, 0.375, 0.375], [0.375, 